1
88888888
454545
3333
44444444
55555555
6666
7777
True
1
1
2
88888888
454545
3333
44444444
55555555
6666
7777
True
1
0
3
88888888
454545
3333
44444444
65555555
6666
7777
True
1
0
4
88888888
454545
3333
54444444
55555555
6666
7777
False
1
1
5
88888888
454545
3333
44444444
55555555
66667
7777
False
1
1
6
88888888
454545
3333
44444444
55555555
6666
7777
False
0
1
7
88888888
454545
3333
44444444
55555555
66667
7777
False
0
1
8
88888888
454545
3333
44444444
55555555
6666
7777
False
1
0
9
88888888
454545
3333
44444444
55555555
66667
77778
False
0
0
10
88888888
454545
3333
44444444
55555555
66668
77778
False
1
0
11
888888889
454545
3333
44444444
55555555
6666
7777
False
1
0
12
88888888
454545
3333
44444444
55555555
6666
7777
False
1
0
13
88888888
454545
33334
44444444
65555555
6666
7777
False
1
0
14
888888889
454545
33334
44444444
55555555
66667
7777
False
0
0
15
88888888
454545,565656,676767
3333,33334,33335
44444444,44444445,44444446
55555555
6666
7777
True
1,1,1
1
16
888888889
454545,565656,676767,252525,151515,353535
3333,33334,33335,3333,33334,33335
44444444,44444445,44444446,44444444,44444445,44444446
65555555
66667
7777
True
1,1,1,0,0,0
1
17
88888888
565656,676767,252525,151515
33334,3333,33334,33335
44444444,44444444,44444445,44444446
55555555
66667
77778
False
1,1,0,0
0
18
88888888
565656,676767,151515,353535
3333,3333,33334,33335
44444444,44444444,44444445,44444446
65555555
6666
7777
False
1,1,0,0
0
19
88888888
151515,353535,242424
3333,33334,33335
44444444,44444445,44444446
65555555
6666
7777
False
0,0,0
0
20x
188888888
1454545
13333
144444444
155555555
16666
17777
True
1
1
20
88888888
454545
3333
44444444
55555555
6666
7777
True
1
1
21
88888888
898989
33334
44444444
55555555
6666
7777
False
0
0
22
88888888
454545
3333
44444444
55555555
6666
7777
False
1
1
23
888888889
454545
3333
44444444
55555555
66667
7777
False
1
0
24
888888889
454545
33334
44444444
55555555
66667
7777
False
1
0
25
88888888
454545
33334
44444444
55555555
6666
7777
False
0
0
26
888888889
454545
3333
44444444
55555555
6666
7777
False
1
0
27
88888888
454545
33334
44444444
55555555
66667
7777
False
0
0
28
888888889
454545
33334
44444444
55555555
66668
7777
False
1
0
29
88888888
454545,565656,676767
3333,3333,33334
44444444,44444445,44444446
55555555
6666
7777
True
1,1,1
1
30
88888888
454545,565656,676767,252525,151515,353535
3333,33334,33335,3333,33334,33335
44444444,44444445,44444446,44444444,44444445,44444446
55555555
6666
7777
True
1,1,1,0,0,0
1
31
88888888
565656,676767,252525,151515
3333,3333,33334,33335
44444444,44444444,44444445,44444446
55555555
6666
7777
False
1,1,0,0
0
32
88888888
565656,676767,252525,151515
33334,3333,33334,33335
44444444,44444445,44444446,44444444
55555555
66667
77778
False
1,1,0,0
0
33
88888888
565656,676767,252525,151515
3333,3333,33334,33334
44444444,44444444,44444445,44444446
55555555
6666
7777
False
1,1,0,0
0
34
888888889
565656,676767,252525,151515
33334,3333,33334,33335
44444444,44444444,44444445,44444446
55555555
66667
77779
False
1,1,0,0
0
35
88888888
565656,676767,22222222
3333,33335,33335
44444444,44444445,44444446
65555555
6666
7777
True
0,0,0
1
20x
188888888
1454545
13333
144444444
155555555
16666
17777
True
1
1
20x
188888888
1454545
13333
144444444
155555555
16666
17777
True
1
1
20x
188888888
1454545
13333
144444444
155555555
16666
17777
True
1
1
20x
188888888
1454545
13333
144444444
155555555
16666
17777
True
1
1
36
88888888
22222222
3333
44444444
55555555
6666
7777
True
1
1
37
88888888
22222222
3333
44444444
55555555
6666
7777
True
1
0
38
88888888
22222222
3333
44444444
55555555
6666
7777
True
0
0
39
88888888
22222222
3333
44444444
55555555
6666
7777
False
1
0
40
88888888
22222222
3333
44444444
55555555
66667
7777
False
1
0
41
888888889
22222222
3333
44444444
55555555
66668
7777
False
1
0
42
88888888
22222222
3333
44444444
55555555
6666
7777
False
1
0
43
888888889
22222222
3333
44444444
55555555
6666
7777
False
1
0
44
88888888
22222222
3333
44444444
55555555
6666
7777
False
1
0
45
888888889
22222222
3333
44444444
55555555
66667
7777
False
1
0
46
888888887
22222222
3333
44444444
55555555
66668
7777
False
1
0
47
88888888
22222222,33333333,44444444
3333,3333,33334
44444444,44444445,44444446
55555555
6666
7777
True
1,1,1
1
48
888888889
22222222,33333333,44444444,55555555,66666666,77777777
3333,33334,33335,3333,33334,33334
44444444,44444445,44444446,44444444,44444445,44444446
65555555
6666
7777
True
1,1,1,0,0,0
0
49
888888889
22222222,33333333,44444444,55555555
33334,3333,33334,33335
44444444,44444444,44444445,44444446
55555555
66667
7777
False
1,1,0,0
0
50
88888888
22222222,33333333,44444444,55555555
3333,3333,33334,33335
44444444,44444444,44444445,44444446
55555555
6666
7777
False
1,1,0,0
0
51
88888888
22222222,33333333,44444444
3333,33334,33335
44444444,44444445,44444446
55555555
6666
7777
True
0,0,0
1
20x
188888888
1454545
13333
144444444
155555555
16666
17777
True
1
1
20x
188888888
1454545
13333
144444444
155555555
16666
17777
True
1
1
20x
188888888
1454545
13333
144444444
155555555
16666
17777
True
1
1
20x
188888888
1454545
13333
144444444
155555555
16666
17777
True
1
1
52
88888888
22222222
3333
44444444
55555555
6666
7777
True
1
0
53
88888888
22222222
3333
44444444
55555555
6666
7777
False
1
1
54
888888889
22222222
3333
44444444
65555555
66667
77778
False
1
1
55
888888889
22222222
33334
44444444
55555555
6666
7777
False
1
1
56
88888888
22222222
33334
44444444
65555555
66667
7777
False
1
1
57
88888888
22222222
3333
44444444
55555555
6666
7777
False
1
0
58
888888889
22222222
33334
44444444
55555555
66667
7777
False
1
0
59
888888887
22222222
3333
44444444
55555555
6666
7777
False
1
0
60
88888888
22222222,33333333,44444444
3333,3333,33334
44444444,44444445,44444446
55555555
6666
7777
True
1,1,1
0
61
88888888
22222222,33333333,44444444,55555555,66666666,77777777
3333,33334,33335,3333,33334,33335
44444444,44444445,44444446,44444444,44444445,44444446
55555555
6666
7777
True
1,1,1,0,0,0
1
62
88888888
33333333,44444444,55555555,66666666
3333,3333,33334,33335
44444444,44444444,44444445,44444446
65555555
6666
7777
False
1,1,0,0
0
63
888888889
33333333,44444444,55555555,66666666
33334,3333,33334,33335
44444444,44444444,44444445,44444446
55555555
66667
77778
False
1,1,0,0
0
64
88888888
55555555,66666666,77777777
33334,3333,33334
44444444,44444445,44444446
55555555
66667
77778
True
0,0,0
1
20x
188888888
1454545
13333
144444444
155555555
16666
17777
True
1
1
20x
188888888
1454545
13333
144444444
155555555
16666
17777
True
1
1
20x
188888888
1454545
13333
144444444
155555555
16666
17777
True
1
1
20x
188888888
1454545
13333
144444444
155555555
16666
17777
True
1
1
20x
188888888
1454545
13333
144444444
155555555
16666
17777
True
1
1
20x
188888888
1454545
13333
144444444
155555555
16666
17777
True
1
1
20x
188888888
1454545
13333
144444444
155555555
16666
17777
True
1
1
65
88888888
22222222
3333
44444444
55555555
6666
7777
True
1
1
66
888888889
22222222
3333
44444444
55555555
6666
7777
False
1
1
67
888888889
22222222
3333
44444444
55555555
6666
7777
False
1
0
68
888888889
22222222
3333
44444444
55555555
6666
7777
False
0
1
69
88888888
22222222
3333
44444444
55555555
6666
7777
False
1
0
70
88888888
22222222
3333
44444444
55555555
6666
7777
False
1
0
71
888888889
22222222
3333
44444444
55555555
66667
7777
False
1
0
72
888888887
22222222
33334
44444444
55555555
6666
7777
False
1
0
73
88888888
22222222,33333333,44444444
3333,33334,33335
44444444,44444445,44444446
55555555
6666
7777
True
1,1,1
1
74
88888888
22222222,33333333,44444444,55555555
33334,3333,33334,33335
44444444,44444444,44444445,44444446
55555555
66667
7777
False
1,1,0,0
0
75
88888888
22222222,33333333,44444444,55555555
3333,3333,33334,33335
44444444,44444444,44444445,44444446
55555555
6666
7777
False
1,1,0,0
0
20x
188888888
1454545
13333
144444444
155555555
16666
7777
True
1
1
20x
188888888
1454545
13333
144444444
155555555
16666
17777
True
1
1
20x
188888888
1454545
13333
144444444
155555555
16666
17777
True
1
1
20x
188888888
1454545
13333
144444444
155555555
16666
17777
True
1
1
20x
188888888
1454545
13333
144444444
155555555
16666
17777
True
1
1
20x
188888888
1454545
13333
144444444
155555555
16666
17777
True
1
1
20x
188888888
1454545
13333
144444444
155555555
16666
17777
True
1
1
20x
188888888
1454545
13333
144444444
155555555
16666
17777
True
1
1
20x
188888888
1454545
13333
144444444
155555555
16666
17777
True
1
1
76
88888888
22222222
3333
44444444
55555555
6666
7777
True
1
1
77
888888889
22222222
3333
44444444
555555556
6666
7777
False
1
1
78
888888889
22222222
33334
44444444
55555555
66668
77778
False
1
1
79
88888888
22222222
3333
44444444
55555555
66667
7777
False
0
1
80
888888889
22222222
33334
44444444
55555555
6666
7777
False
0
1
81
88888888
22222222
3333
44444444
55555555
66667
7777
False
1
0
82
888888887
22222222
3333
44444444
55555555
66668
77778
False
1
0
83
888888889
22222222
33334
44444444
55555555
66669
77779
False
1
0
84
88888888
22222222,33333333,44444444
3333,3333,33334,33335
44444444,44444445,44444446
55555555
6666
7777
True
1,1,1
1
85
88888888
22222222,33333333,55555555,66666666
3333,3333,33334,33335
44444444,44444444,44444445,44444446
55555555
6666
7777
False
1,1,0,0
0
86
88888888
22222222,33333333,55555555,66666666
3333,3333,33334,33335
44444444,44444444,44444445,44444446
55555555
6666
77778
False
1,1,0,0
0
20x
188888888
1454545
13333
144444444
155555555
16666
17777
True
1
1
20x
188888888
1454545
13333
144444444
155555555
16666
17777
True
1
1
20x
188888888
1454545
13333
144444444
155555555
16666
17777
True
1
1
20x
188888888
1454545
13333
144444444
155555555
16666
17777
True
1
1
20x
188888888
1454545
13333
144444444
155555555
16666
17777
True
1
1
20x
188888888
1454545
13333
144444444
155555555
16666
17777
True
1
1
20x
188888888
1454545
13333
144444444
155555555
16666
17777
True
1
1
20x
188888888
1454545
13333
144444444
155555555
16666
17777
True
1
1
20x
188888888
1454545
13333
144444444
155555555
16666
17777
True
1
1
87
88888888
22222222
33334
44444444
55555555
66667
7777
True
0
1
88
88888888
22222222
3333
44444444
55555555
6666
7777
False
1
1
89
888888889
22222222
3333
44444444
55555555
6666
7777
False
0
1
90
888888887
22222222
33334
44444444
55555555
66667
7777
False
0
1
91
88888888
22222222
3333
44444444
55555555
6666
77778
False
1
1
92
88888888
22222222
3333
44444444
55555555
6666
7777
False
1
0
93
888888889
22222222
33334
44444444
55555555
66667
77779
False
1
0
94
888888887
22222222
3333
44444444
55555555
6666
7777
False
0
0
20x
188888888
1454545
13333
144444444
155555555
16666
17777
True
1
1
20x
188888888
1454545
13333
144444444
155555555
16666
17777
True
1
1
20x
188888888
1454545
13333
144444444
155555555
16666
17777
True
1
1
20x
188888888
1454545
13333
144444444
155555555
16666
17777
True
1
1
20x
188888888
1454545
13333
144444444
155555555
16666
17777
True
1
1
20x
188888888
1454545
13333
144444444
155555555
16666
17777
True
1
1
20x
188888888
1454545
13333
144444444
155555555
16666
17777
True
1
1
20x
188888888
1454545
13333
144444444
155555555
16666
17777
True
1
1
20x
188888888
1454545
13333
144444444
155555555
16666
17777
True
1
1
20x
188888888
1454545
13333
144444444
155555555
16666
17777
True
1
1
20x
188888888
1454545
13333
144444444
155555555
16666
17777
True
1
1
20x
188888888
1454545
13333
144444444
155555555
16666
17777
True
1
1
95
888888889
22222222
3333
44444444
555555556
6666
7777
True
0
0
96
88888888
22222222
3333
44444444
55555555
6666
7777
False
1
1
97
888888889
22222222
33334
44444444
55555555
66667
7777
False
0
1
98
88888888
22222222
3333
44444444
55555555
6666
77778
False
1
1
99
888888887
22222222
33334
44444444
55555555
66667
7777
False
0
1
20x
188888888
1454545
13333
144444444
155555555
16666
17777
True
1
1
20x
188888888
1454545
13333
144444444
155555555
16666
17777
True
1
1
20x
188888888
1454545
13333
144444444
155555555
16666
17777
True
1
1
20x
188888888
1454545
13333
144444444
155555555
16666
17777
True
1
1
20x
188888888
1454545
13333
144444444
155555555
16666
17777
True
1
1
20x
188888888
1454545
13333
144444444
155555555
16666
17777
True
1
1
20x
188888888
1454545
13333
144444444
155555555
16666
17777
True
1
1
20x
188888888
1454545
13333
144444444
155555555
16666
17777
True
1
1
20x
188888888
1454545
13333
144444444
155555555
16666
17777
True
1
1
20x
188888888
1454545
13333
144444444
155555555
16666
17777
True
1
1
20x
188888888
1454545
13333
144444444
155555555
16666
17777
True
1
1
20x
188888888
1454545
13333
144444444
155555555
16666
17777
True
1
1
20x
188888888
1454545
13333
144444444
155555555
16666
17777
True
1
1
20x
188888888
1454545
13333
144444444
155555555
16666
17777
True
1
1
20x
188888888
1454545
13333
144444444
155555555
16666
17777
True
1
1
100
88888888
22222222
3333
44444444
55555555
6666
7777
True
1
1
101
88888888
22222222
33334
44444444
55555555
66667
7777
False
1
0
102
88888888
22222222
3333
44444444
55555555
6666
7777
False
1
1
103
888888889
22222222
33334
44444444
55555555
66667
7777
False
0
1
104
88888888
22222222
3333
44444444
55555555
6666
77778
False
0
1
105
888888889
22222222
33334
44444444
55555555
66667
77778
False
1
1
106
888888889
22222222
3333
44444444
55555555
6666
77778
False
1
0
107
88888888
22222222
33334
44444444
55555555
66667
7777
False
1
0
108
888888887
22222222
3333
44444444
55555555
66668
77779
False
0
0
109
88888888
22222222,33333333,44444444
3333,33334,33335
44444444,44444445,44444446
55555555
66667
7777
True
1,1,1
1
110
88888888
22222222,33333333,44444444,55555555,66666666,77777777
3333,33334,33335,3333,33334,33335
44444444,44444445,44444446,44444444,44444445,44444446
555555556
66667
77779
True
1,1,1,0,0,0
1
111
88888888
22222222,33333333,66666666,77777777
33334,3333,33334,33335
44444444,44444444,44444445,44444446
65555555
6666
77778
False
1,1,0,0
0
112
88888888
22222222,33333333,66666666,77777777
3333,3333,33334,33335
44444444,44444444,44444445,44444446
55555555
6666
7777
False
1,1,0,0
0
113
88888888
33333333,66666666,77777777
3333,3333,33334
44444444,44444445,44444446
55555555
6666
7777
True
0,0,0
0
20x
188888888
1454545
13333
144444444
155555555
16666
17777
True
1
1
20x
188888888
1454545
13333
144444444
155555555
16666
17777
True
1
1
20x
188888888
1454545
13333
144444444
155555555
16666
17777
True
1
1
20x
188888888
1454545
13333
144444444
155555555
16666
17777
True
1
1
20x
188888888
1454545
13333
144444444
155555555
16666
17777
True
1
1
20x
188888888
1454545
13333
144444444
155555555
16666
17777
True
1
1
114
88888888
22222222
3333
44444444
55555555
6666
7777
True
1
0
115
88888888
22222222
3333
44444444
55555555
6666
7777
True
0
0
116
88888888
22222222
3333
44444444
55555555
6666
7777
False
1
0
117
888888889
22222222
33334
44444444
55555555
66667
7777
False
1
0
118
888888887
22222222
3333
44444444
55555555
66668
77779
False
1
0
119
88888888
22222222,33333333,44444444
3333,3333,3333
44444444,44444445,44444446
55555555
66668
77778
True
1,1,1
1
120
88888888
22222222,33333333,44444444,55555555,66666666,77777777
3333,33334,33335,3333,33334,33335
44444444,44444445,44444446,44444444,44444445,44444446
55555555
6666
7777
True
1,1,1,0,0,0
1
121
88888888
22222222,33333333,44444444,55555555
3333,3333,33334,33335
44444444,44444444,44444445,44444446
55555555
6666
7777
False
1,1,0,0
0
122
88888888
22222222,33333333,44444444,55555555
33334,3333,33334,33335
44444444,44444444,44444445,44444446
555555556
66667
77778
False
1,1,0,0
0
123
88888888
22222222,33333333,44444444
3333,3333,33334
44444444,44444445,44444446
55555555
6666
7777
True
0,0,0
1
20x
188888888
1454545
13333
144444444
155555555
16666
17777
True
1
1
20x
188888888
1454545
13333
144444444
155555555
16666
17777
True
1
1
20x
188888888
1454545
13333
144444444
155555555
16666
17777
True
1
1
20x
188888888
1454545
13333
144444444
155555555
16666
17777
True
1
1
20x
188888888
1454545
13333
144444444
155555555
16666
17777
True
1
1
20x
188888888
1454545
13333
144444444
155555555
16666
17777
True
1
1
20x
188888888
1454545
13333
144444444
155555555
16666
17777
True
1
1
20x
188888888
1454545
13333
144444444
155555555
16666
17777
True
1
1
20x
188888888
1454545
13333
144444444
155555555
16666
17777
True
1
1
20x
188888888
1454545
13333
144444444
155555555
16666
17777
True
1
1
124
88888888
22222222
3333
44444444
55555555
6666
7777
True
1
0
125
888888889
22222222
33334
44444444
55555555
66667
77778
True
0
0
126
88888888
22222222
3333
44444444
55555555
6666
7777
False
1
0
127
888888887
22222222
3333
44444444
55555555
66668
77776
False
1
0
128
888888889
22222222
33334
44444444
55555555
66667
77778
False
1
0
129
88888888
22222222,33333333,44444444
33334,3333,33334
44444444,44444445,44444446
55555555
6666
7777
True
1,1,1
1
130
88888888
22222222,33333333,44444444,55555555,66666666,77777777
3333,33334,33335,3333,33334,33335
44444444,44444445,44444446,44444444,44444445,44444446
55555555
6666
7777
True
1,1,1,0,0,0
1
131
88888888
33333333,44444444,55555555,66666666
3333,3333,33334,33335
44444444,44444444,44444445,44444446
65555555
6666
7777
False
1,1,0,0
0
132
888888889
33333333,44444444,55555555,66666666
33335,3333,33334,33335
44444444,44444444,44444445,44444446
55555555
66668
77779
False
1,1,0,0
0
133
88888888
33333333,44444444,55555555
3333,33334,33335
44444444,55555555,66666666
55555555
6666
7777
True
0,0,0
1
20x
188888888
1454545
13333
144444444
155555555
16666
17777
True
1
1
20x
188888888
1454545
13333
144444444
155555555
16666
17777
True
1
1
20x
188888888
1454545
13333
144444444
155555555
16666
17777
True
1
1
20x
188888888
1454545
13333
144444444
155555555
16666
17777
True
1
1
20x
188888888
1454545
13333
144444444
155555555
16666
17777
True
1
1
20x
188888888
1454545
13333
144444444
155555555
16666
17777
True
1
1
20x
188888888
1454545
13333
144444444
155555555
16666
17777
True
1
1
20x
188888888
1454545
13333
144444444
155555555
16666
17777
True
1
1
20x
188888888
1454545
13333
144444444
155555555
16666
17777
True
1
1
20x
188888888
1454545
13333
144444444
155555555
16666
17777
True
1
1
134
88888888
22222222
3333
44444444
55555555
6666
7777
True
1
0
135
888888889
22222222
33335
44444444
55555555
66667
77778
True
1
0
136
88888888
22222222
3333
44444444
55555555
6666
7777
True
0
0
137
88888888
22222222
33334
44444444
55555555
6666
7777
False
1
0
138
888888887
22222222
33334
44444444
55555555
66667
77778
False
1
0
139
888888889
22222222
33335
44444444
55555555
66668
77779
False
0
0
140
888888889
22222222,33333333,44444444,55555555
33334,3333,33334,33335
44444444,44444444,44444445,44444446
55555555
66667
7777
False
1,1,0,0
1
20x
188888888
1454545
13333
144444444
155555555
16666
17777
True
1
1
20x
188888888
1454545
13333
144444444
155555555
16666
17777
True
1
1
20x
188888888
1454545
13333
144444444
155555555
16666
17777
True
1
1
20x
188888888
1454545
13333
144444444
155555555
16666
17777
True
1
1
20x
188888888
1454545
13333
144444444
155555555
16666
17777
True
1
1
20x
188888888
1454545
13333
144444444
155555555
16666
17777
True
1
1
20x
188888888
1454545
13333
144444444
155555555
16666
17777
True
1
1
20x
188888888
1454545
13333
144444444
155555555
16666
17777
True
1
1
20x
188888888
1454545
13333
144444444
155555555
16666
17777
True
1
1
20x
188888888
1454545
13333
144444444
155555555
16666
17777
True
1
1
20x
188888888
1454545
13333
144444444
155555555
16666
17777
True
1
1
20x
188888888
1454545
13333
144444444
155555555
16666
17777
True
1
1
20x
188888888
1454545
13333
144444444
155555555
16666
17777
True
1
1
141
888888889
22222222
33335
44444444
55555555
6666
7777
True
1
1
142
88888888
22222222
3333
44444444
55555555
6666
7777
False
1
0
143
888888889
22222222
33334
44444444
55555555
66667
77778
False
1
0
144
888888889
22222222,33333333,44444444,55555555
3333,3333,33334,33335
44444444,44444444,44444445,44444446
55555555
66668
7777
False
1,1,0,0
1
20x
188888888
1454545
13333
144444444
155555555
16666
17777
True
1
1
20x
188888888
1454545
13333
144444444
155555555
16666
17777
True
1
1
20x
188888888
1454545
13333
144444444
155555555
16666
17777
True
1
1
20x
188888888
1454545
13333
144444444
155555555
16666
17777
True
1
1
20x
188888888
1454545
13333
144444444
155555555
16666
17777
True
1
1
20x
188888888
1454545
13333
144444444
155555555
16666
17777
True
1
1
20x
188888888
1454545
13333
144444444
155555555
16666
17777
True
1
1
20x
188888888
1454545
13333
144444444
155555555
16666
17777
True
1
1
20x
188888888
1454545
13333
144444444
155555555
16666
17777
True
1
1
20x
188888888
1454545
13333
144444444
155555555
16666
17777
True
1
1
20x
188888888
1454545
13333
144444444
155555555
16666
17777
True
1
1
20x
188888888
1454545
13333
144444444
155555555
16666
17777
True
1
1
20x
188888888
1454545
13333
144444444
155555555
16666
17777
True
1
1
20x
188888888
1454545
13333
144444444
155555555
16666
17777
True
1
1
20x
188888888
1454545
13333
144444444
155555555
16666
17777
True
1
1
20x
188888888
1454545
13333
144444444
155555555
16666
17777
True
1
1
145
88888888
22222222
3333
44444444
55555555
6666
7777
True
1
1
20x
188888888
1454545
13333
144444444
155555555
16666
17777
True
1
1
20x
188888888
1454545
13333
144444444
155555555
16666
17777
True
1
1
20x
188888888
1454545
13333
144444444
155555555
16666
17777
True
1
1
20x
188888888
1454545
13333
144444444
155555555
16666
17777
True
1
1
20x
188888888
1454545
13333
144444444
155555555
16666
17777
True
1
1
20x
188888888
1454545
13333
144444444
155555555
16666
17777
True
1
1
20x
188888888
1454545
13333
144444444
155555555
16666
17777
True
1
1
20x
188888888
1454545
13333
144444444
155555555
16666
17777
True
1
1
20x
188888888
1454545
13333
144444444
155555555
16666
17777
True
1
1
20x
188888888
1454545
13333
144444444
155555555
16666
17777
True
1
1
20x
188888888
1454545
13333
144444444
155555555
16666
17777
True
1
1
20x
188888888
1454545
13333
144444444
155555555
16666
17777
True
1
1
20x
188888888
1454545
13333
144444444
155555555
16666
17777
True
1
1
20x
188888888
1454545
13333
144444444
155555555
16666
17777
True
1
1
20x
188888888
1454545
13333
144444444
155555555
16666
17777
True
1
1
20x
188888888
1454545
13333
144444444
155555555
16666
17777
True
1
1
20x
188888888
1454545
13333
144444444
155555555
16666
17777
True
1
1
20x
188888888
1454545
13333
144444444
155555555
16666
17777
True
1
1
20x
188888888
1454545
13333
144444444
155555555
16666
17777
True
1
1
146
88888888
22222222
3333
44444444
55555555
6666
7777
False
1
0
147
888888889
22222222
3334
44444444
55555555
66667
7777
False
1
0
148
88888888
22222222,33333333,44444444,55555555
3333,3333,33334,33335
44444444,44444444,44444445,44444446
555555556
6666
7777
False
1,1,0,0
1
20x
188888888
1454545
13333
144444444
155555555
16666
17777
True
1
1
20x
188888888
1454545
13333
144444444
155555555
16666
17777
True
1
1
20x
188888888
1454545
13333
144444444
155555555
16666
17777
True
1
1
20x
188888888
1454545
13333
144444444
155555555
16666
17777
True
1
1
20x
188888888
1454545
13333
144444444
155555555
16666
17777
True
1
1
20x
188888888
1454545
13333
144444444
155555555
16666
17777
True
1
1
20x
188888888
1454545
13333
144444444
155555555
16666
17777
True
1
1
20x
188888888
1454545
13333
144444444
155555555
16666
17777
True
1
1
20x
188888888
1454545
13333
144444444
155555555
16666
17777
True
1
1
20x
188888888
1454545
13333
144444444
155555555
16666
17777
True
1
1
20x
188888888
1454545
13333
144444444
155555555
16666
17777
True
1
1
20x
188888888
1454545
13333
144444444
155555555
16666
17777
True
1
1
20x
188888888
1454545
13333
144444444
155555555
16666
17777
True
1
1
20x
188888888
1454545
13333
144444444
155555555
16666
17777
True
1
1
20x
188888888
1454545
13333
144444444
155555555
16666
17777
True
1
1
20x
188888888
1454545
13333
144444444
155555555
16666
17777
True
1
1
20x
188888888
1454545
13333
144444444
155555555
16666
17777
True
1
1
149
88888888
22222222,33333333,44444444
33334,3333,33334
44444444,44444445,44444446
55555555
66668
77778
True
1,1,1
1
150
888888889
22222222,33333333,44444444,55555555,66666666,44444444
3333,33334,33335,3333,33334,33335
44444444,44444445,44444446,44444444,44444445,44444446
55555555
66668
77778
True
1,1,1,0,0,0
1
151
88888888
22222222,22222222,33333333,33333333
3333,3333,33334,33335
44444444,44444444,44444445,44444446
55555555
6666
7777
False
1,1,0,0
0
152
888888889
22222222,22222222,33333333,33333333
33334,3333,33334,33335
44444444,44444444,44444445,44444446
55555555
66667
77778
False
1,1,0,0
0
153
88888888
22222222,44444444,44444444
3333,3333,3333
44444444,44444445,44444446
55555555
6666
7777
True
0,0,0
1
154
88888888
22222222
33334
44444444
55555555
6666
7777
True
0
1
155
888888889
22222222
33334
44444444
55555555
6666
7777
True
1
1
20x
188888888
1454545
13333
144444444
155555555
16666
17777
True
1
1
20x
188888888
1454545
13333
144444444
155555555
16666
17777
True
1
1
20x
188888888
1454545
13333
144444444
155555555
16666
17777
True
1
1
20x
188888888
1454545
13333
144444444
155555555
16666
17777
True
1
1
20x
188888888
1454545
13333
144444444
155555555
16666
17777
True
1
1
20x
188888888
1454545
13333
144444444
155555555
16666
17777
True
1
1
20x
188888888
1454545
13333
144444444
155555555
16666
17777
True
1
1
20x
188888888
1454545
13333
144444444
155555555
16666
17777
True
1
1
20x
188888888
1454545
13333
144444444
155555555
16666
17777
True
1
1
20x
188888888
1454545
13333
144444444
155555555
16666
17777
True
1
1
20x
188888888
1454545
13333
144444444
155555555
16666
17777
True
1
1
20x
188888888
1454545
13333
144444444
155555555
16666
17777
True
1
1
20x
188888888
1454545
13333
144444444
155555555
16666
17777
True
1
1
