6
88888888
0
19
88888888
1
6x
88888888
0
6x
88888888
0
6x
88888888
0
6x
88888888
0
6x
88888888
0
4
88888888
0
24
888888889
0
26
888888889
1
21
88888888
1
6x
88888888
0
6x
88888888
0
6x
88888888
0
10
88888888
0
22
88888888
0
39
88888888
1
50
88888888
0
6x
88888888
0
6x
88888888
0
6x
88888888
0
23
888888889
1
54
888888889
0
58
888888889
1
62
88888888
0
6x
88888888
0
6x
88888888
0
6x
88888888
0
5
88888888
0
45
888888889
1
46
888888887
0
59
888888887
1
68
888888889
0
69
88888888
0
6x
88888888
0
28
888888889
1
42
88888888
0
66
888888889
0
72
888888887
1
6x
88888888
0
6x
88888888
0
6x
88888888
0
25
88888888
1
71
888888889
0
75
88888888
1
78
888888889
0
79
88888888
0
6x
88888888
0
6x
88888888
0
40
88888888
1
77
888888889
0
83
888888889
1
97
888888889
0
99
888888887
0
6x
88888888
0
6x
88888888
0
9
88888888
1
80
888888889
0
82
888888887
1
101
88888888
0
102
88888888
0
6x
88888888
0
6x
88888888
0
53
88888888
0
56
88888888
0
103
888888889
0
105
888888889
0
117
888888889
1
121
88888888
0
6x
88888888
0
12
88888888
1
31
88888888
1
44
88888888
0
126
88888888
1
131
88888888
0
6x
88888888
0
6x
88888888
0
18
88888888
1
41
888888889
0
70
88888888
1
85
88888888
0
89
888888889
0
90
888888887
0
127
888888887
1
13
88888888
1
53
88888888
0
63
888888889
1
106
888888889
0
111
88888888
1
6x
88888888
0
6x
88888888
0
57
88888888
1
108
888888887
0
140
888888889
0
142
88888888
1
144
888888889
0
6x
88888888
0
6x
88888888
0
98
88888888
0
128
888888889
0
138
888888887
1
6x
88888888
0
6x
88888888
0
6x
88888888
0
6x
88888888
0
11
888888889
1
33
88888888
1
86
88888888
0
104
88888888
0
118
888888887
0
151
88888888
1
